#                                                               --- full sequence ---- --- best 1 domain ---- --- domain number estimation ----
# target name        accession  query name           accession    E-value  score  bias   E-value  score  bias   exp reg clu  ov env dom rep inc description of target
#------------------- ---------- -------------------- ---------- --------- ------ ----- --------- ------ -----   --- --- --- --- --- --- --- --- ---------------------
XP_002315024.1       -          WRKY                 PF03106.22   4.9e-56  182.4  19.6   1.1e-28   94.8   6.8   2.4   2   0   0   2   2   2   2 -
XP_002312267.1       -          WRKY                 PF03106.22   5.6e-56  182.2  19.0   1.7e-29   97.5   4.4   3.0   3   0   0   3   3   2   2 -
XP_024454278.1       -          WRKY                 PF03106.22   7.3e-56  181.9  16.6   2.1e-28   93.9   4.5   2.4   2   0   0   2   2   2   2 -
XP_024444415.2       -          WRKY                 PF03106.22   8.6e-56  181.7  18.2   2.1e-28   93.9   5.9   2.5   2   0   0   2   2   2   2 -
XP_002323637.2       -          WRKY                 PF03106.22   3.1e-55  179.8  14.7   3.9e-28   93.1   4.2   2.7   2   0   0   2   2   2   2 -
XP_002319959.2       -          WRKY                 PF03106.22     6e-55  178.9  14.0   4.7e-28   92.8   2.8   2.4   2   0   0   2   2   2   2 -
XP_024443574.1       -          WRKY                 PF03106.22   8.2e-55  178.5  15.7   3.5e-28   93.2   3.9   2.6   2   0   0   2   2   2   2 -
XP_002298853.1       -          WRKY                 PF03106.22   8.3e-55  178.5  15.7   3.5e-28   93.2   3.9   2.6   2   0   0   2   2   2   2 -
XP_024443283.1       -          WRKY                 PF03106.22   1.2e-54  177.9  16.5     9e-28   91.9   2.1   2.4   2   0   0   2   2   2   2 -
XP_024443284.1       -          WRKY                 PF03106.22   1.2e-54  177.9  16.5     9e-28   91.9   2.1   2.4   2   0   0   2   2   2   2 -
XP_006381519.2       -          WRKY                 PF03106.22   1.6e-54  177.6  17.2   9.8e-28   91.8   2.6   2.4   2   0   0   2   2   2   2 -
XP_024459754.2       -          WRKY                 PF03106.22   1.6e-54  177.6  17.2   9.8e-28   91.8   2.6   2.4   2   0   0   2   2   2   2 -
XP_024459758.2       -          WRKY                 PF03106.22   1.6e-54  177.6  17.2   9.8e-28   91.8   2.6   2.4   2   0   0   2   2   2   2 -
XP_052309519.1       -          WRKY                 PF03106.22   1.6e-54  177.6  17.2   9.8e-28   91.8   2.6   2.4   2   0   0   2   2   2   2 -
XP_052309520.1       -          WRKY                 PF03106.22   1.6e-54  177.6  17.2   9.8e-28   91.8   2.6   2.4   2   0   0   2   2   2   2 -
XP_052309521.1       -          WRKY                 PF03106.22   1.6e-54  177.6  17.2   9.8e-28   91.8   2.6   2.4   2   0   0   2   2   2   2 -
XP_052309522.1       -          WRKY                 PF03106.22   1.6e-54  177.6  17.2   9.8e-28   91.8   2.6   2.4   2   0   0   2   2   2   2 -
XP_024437144.1       -          WRKY                 PF03106.22   1.3e-53  174.6  19.7   1.6e-27   91.1   7.0   2.4   2   0   0   2   2   2   2 -
XP_006378014.1       -          WRKY                 PF03106.22   1.4e-53  174.6  19.7   1.7e-27   91.0   7.0   2.4   2   0   0   2   2   2   2 -
XP_024437142.1       -          WRKY                 PF03106.22   1.4e-53  174.6  19.7   1.7e-27   91.0   7.0   2.4   2   0   0   2   2   2   2 -
XP_024437143.1       -          WRKY                 PF03106.22   1.4e-53  174.6  19.7   1.7e-27   91.0   7.0   2.4   2   0   0   2   2   2   2 -
XP_024437370.2       -          WRKY                 PF03106.22   1.9e-53  174.2  17.3   3.1e-28   93.4   3.9   2.4   2   0   0   2   2   2   2 -
XP_052301461.1       -          WRKY                 PF03106.22   2.2e-53  173.9  17.3   3.4e-28   93.3   3.9   2.4   2   0   0   2   2   2   2 -
XP_002326093.4       -          WRKY                 PF03106.22   2.3e-53  173.9  15.5   1.1e-27   91.6   5.2   2.5   2   0   0   2   2   2   2 -
XP_024437369.2       -          WRKY                 PF03106.22   2.4e-53  173.8  17.3   3.6e-28   93.2   3.9   2.4   2   0   0   2   2   2   2 -
XP_024458700.1       -          WRKY                 PF03106.22   1.6e-52  171.2  17.9   2.7e-27   90.4   3.0   2.6   2   0   0   2   2   2   2 -
XP_006375555.1       -          WRKY                 PF03106.22   3.8e-52  170.0  12.2   3.8e-28   93.1   1.4   2.4   2   0   0   2   2   2   2 -
XP_006375556.1       -          WRKY                 PF03106.22   3.8e-52  170.0  12.2   3.8e-28   93.1   1.4   2.4   2   0   0   2   2   2   2 -
XP_024440287.1       -          WRKY                 PF03106.22   3.8e-52  170.0  12.2   3.8e-28   93.1   1.4   2.4   2   0   0   2   2   2   2 -
XP_024438829.2       -          WRKY                 PF03106.22   4.6e-52  169.7  20.6   2.4e-27   90.5   5.2   2.5   2   0   0   2   2   2   2 -
XP_024441234.1       -          WRKY                 PF03106.22   4.3e-50  163.4  17.4     6e-27   89.3   4.8   2.4   2   0   0   2   2   2   2 -
XP_002300596.2       -          WRKY                 PF03106.22   4.3e-50  163.4  17.4     6e-27   89.3   4.8   2.4   2   0   0   2   2   2   2 -
XP_052310948.1       -          WRKY                 PF03106.22   4.3e-50  163.4  17.4     6e-27   89.3   4.8   2.4   2   0   0   2   2   2   2 -
XP_024441213.1       -          WRKY                 PF03106.22   4.5e-50  163.3  17.4   6.1e-27   89.2   4.8   2.4   2   0   0   2   2   2   2 -
XP_024441219.1       -          WRKY                 PF03106.22   4.5e-50  163.3  17.4   6.1e-27   89.2   4.8   2.4   2   0   0   2   2   2   2 -
XP_024441225.1       -          WRKY                 PF03106.22   4.5e-50  163.3  17.4   6.1e-27   89.2   4.8   2.4   2   0   0   2   2   2   2 -
XP_006382109.3       -          WRKY                 PF03106.22   2.5e-48  157.8  21.0   7.8e-26   85.7   2.0   2.8   2   0   0   2   2   2   2 -
XP_024446286.2       -          WRKY                 PF03106.22   5.3e-47  153.5  18.6     6e-25   82.9   2.9   2.6   2   0   0   2   2   2   2 -
XP_024446284.2       -          WRKY                 PF03106.22   8.9e-47  152.8  18.6   7.8e-25   82.5   2.9   2.6   2   0   0   2   2   2   2 -
XP_024460430.2       -          WRKY                 PF03106.22     9e-45  146.4  15.7     4e-26   86.6   2.1   2.4   2   0   0   2   2   2   2 -
XP_024460429.2       -          WRKY                 PF03106.22   9.2e-45  146.3  15.7     4e-26   86.6   2.1   2.4   2   0   0   2   2   2   2 -
XP_024446055.1       -          WRKY                 PF03106.22   7.9e-44  143.3  15.5   3.9e-26   86.7   1.5   2.5   2   0   0   2   2   2   2 -
XP_024446053.1       -          WRKY                 PF03106.22   8.1e-44  143.3  15.5   3.9e-26   86.7   1.5   2.5   2   0   0   2   2   2   2 -
XP_002318747.1       -          WRKY                 PF03106.22   5.1e-30   99.1   5.8     1e-29   98.2   5.8   1.5   1   0   0   1   1   1   1 -
XP_024462269.1       -          WRKY                 PF03106.22   7.3e-30   98.6   1.6   1.5e-29   97.6   1.6   1.6   1   0   0   1   1   1   1 -
XP_024450747.1       -          WRKY                 PF03106.22   9.3e-30   98.3   1.6   1.9e-29   97.3   1.6   1.5   1   0   0   1   1   1   1 -
XP_002312318.2       -          WRKY                 PF03106.22   9.5e-30   98.2   1.6   1.9e-29   97.3   1.6   1.5   1   0   0   1   1   1   1 -
XP_002320967.3       -          WRKY                 PF03106.22   1.1e-29   98.0   1.6   2.6e-29   96.8   1.6   1.7   1   0   0   1   1   1   1 -
XP_002301524.3       -          WRKY                 PF03106.22   1.3e-29   97.8   1.6   2.6e-29   96.9   1.6   1.5   1   0   0   1   1   1   1 -
XP_002322274.1       -          WRKY                 PF03106.22   2.8e-29   96.7   4.6   4.5e-29   96.1   4.6   1.4   1   0   0   1   1   1   1 -
XP_002318373.2       -          WRKY                 PF03106.22   3.6e-29   96.4   1.0   6.6e-29   95.5   1.0   1.5   1   0   0   1   1   1   1 -
XP_006369893.1       -          WRKY                 PF03106.22   4.2e-29   96.2   4.4   4.2e-29   96.2   4.4   2.0   2   0   0   2   2   1   1 -
XP_002306823.1       -          WRKY                 PF03106.22   4.6e-29   96.0   0.3   4.6e-29   96.0   0.3   2.3   2   0   0   2   2   1   1 -
XP_024457974.1       -          WRKY                 PF03106.22   4.6e-29   96.0   0.3   4.6e-29   96.0   0.3   2.3   2   0   0   2   2   1   1 -
XP_002302070.2       -          WRKY                 PF03106.22   4.7e-29   96.0   0.3   4.7e-29   96.0   0.3   2.2   2   0   0   2   2   1   1 -
XP_002314962.2       -          WRKY                 PF03106.22   4.9e-29   96.0   1.0   1.2e-28   94.7   1.0   1.7   1   0   0   1   1   1   1 -
XP_002304549.1       -          WRKY                 PF03106.22   5.1e-29   95.9   4.8   5.1e-29   95.9   4.8   1.7   2   0   0   2   2   1   1 -
XP_002306743.1       -          WRKY                 PF03106.22   7.1e-29   95.4   5.8   1.7e-28   94.3   5.8   1.7   1   0   0   1   1   1   1 -
XP_002319082.4       -          WRKY                 PF03106.22   7.8e-29   95.3   0.4   7.8e-29   95.3   0.4   2.5   2   0   0   2   2   2   1 -
XP_002302140.2       -          WRKY                 PF03106.22     8e-29   95.3   5.5     2e-28   94.0   5.5   1.7   1   0   0   1   1   1   1 -
XP_024452726.1       -          WRKY                 PF03106.22   8.2e-29   95.2   0.6   8.2e-29   95.2   0.6   2.5   3   0   0   3   3   1   1 -
XP_006368868.2       -          WRKY                 PF03106.22   8.6e-29   95.2   6.6   8.6e-29   95.2   6.6   1.8   2   0   0   2   2   1   1 -
XP_024436877.2       -          WRKY                 PF03106.22   1.1e-28   94.9   4.0   1.1e-28   94.9   4.0   2.1   2   0   0   2   2   2   1 -
XP_002300120.2       -          WRKY                 PF03106.22   1.1e-28   94.8   5.4   1.1e-28   94.8   5.4   1.9   2   0   0   2   2   1   1 -
XP_002297983.2       -          WRKY                 PF03106.22   1.3e-28   94.6   3.2   3.1e-28   93.4   3.2   1.6   1   0   0   1   1   1   1 -
XP_002320160.2       -          WRKY                 PF03106.22   1.4e-28   94.5   7.5     2e-28   94.0   7.5   1.3   1   0   0   1   1   1   1 -
XP_002297623.3       -          WRKY                 PF03106.22   1.4e-28   94.5   1.0   1.4e-28   94.5   1.0   2.1   2   0   0   2   2   1   1 -
XP_002320852.4       -          WRKY                 PF03106.22   1.7e-28   94.2   3.1   1.7e-28   94.2   3.1   1.9   2   0   0   2   2   1   1 -
XP_002304741.2       -          WRKY                 PF03106.22   1.9e-28   94.1   6.4   1.9e-28   94.1   6.4   1.5   2   0   0   2   2   1   1 -
XP_002305271.3       -          WRKY                 PF03106.22   2.4e-28   93.8   2.0   6.5e-28   92.4   2.0   1.8   1   0   0   1   1   1   1 -
XP_002311329.2       -          WRKY                 PF03106.22   2.4e-28   93.7   5.0   2.4e-28   93.7   5.0   1.8   2   0   0   2   2   1   1 -
XP_024461923.1       -          WRKY                 PF03106.22   2.4e-28   93.7   5.0   2.4e-28   93.7   5.0   1.8   2   0   0   2   2   1   1 -
XP_024461924.1       -          WRKY                 PF03106.22   2.4e-28   93.7   5.0   2.4e-28   93.7   5.0   1.8   2   0   0   2   2   1   1 -
XP_052311159.1       -          WRKY                 PF03106.22   2.4e-28   93.7   5.0   2.4e-28   93.7   5.0   1.8   2   0   0   2   2   1   1 -
XP_052311160.1       -          WRKY                 PF03106.22   2.4e-28   93.7   5.0   2.4e-28   93.7   5.0   1.8   2   0   0   2   2   1   1 -
XP_002301377.2       -          WRKY                 PF03106.22   2.5e-28   93.7   7.5   3.7e-28   93.2   7.5   1.2   1   0   0   1   1   1   1 -
XP_006380693.1       -          WRKY                 PF03106.22   2.8e-28   93.5   0.3   2.8e-28   93.5   0.3   2.0   2   0   0   2   2   1   1 -
XP_002310122.1       -          WRKY                 PF03106.22   2.9e-28   93.5   0.3   2.9e-28   93.5   0.3   2.0   2   0   0   2   2   1   1 -
XP_024466901.1       -          WRKY                 PF03106.22   2.9e-28   93.5   5.5   2.9e-28   93.5   5.5   1.9   2   0   0   2   2   1   1 -
XP_052312759.1       -          WRKY                 PF03106.22   2.9e-28   93.5   5.5   2.9e-28   93.5   5.5   1.9   2   0   0   2   2   1   1 -
XP_006373216.1       -          WRKY                 PF03106.22   2.9e-28   93.5   5.0   2.9e-28   93.5   5.0   1.8   2   0   0   2   2   1   1 -
XP_006382812.1       -          WRKY                 PF03106.22   3.3e-28   93.3   0.4   3.3e-28   93.3   0.4   2.3   2   0   0   2   2   1   1 -
XP_002309066.3       -          WRKY                 PF03106.22   3.3e-28   93.3   2.1   5.9e-28   92.5   2.1   1.4   1   0   0   1   1   1   1 -
XP_052301100.1       -          WRKY                 PF03106.22   3.4e-28   93.3   0.6     8e-28   92.1   0.6   1.7   1   0   0   1   1   1   1 -
XP_006372370.1       -          WRKY                 PF03106.22     4e-28   93.0   1.1     4e-28   93.0   1.1   2.0   2   0   0   2   2   1   1 -
XP_002324382.1       -          WRKY                 PF03106.22   4.1e-28   93.0   0.8   4.1e-28   93.0   0.8   1.9   2   0   0   2   2   1   1 -
XP_006383530.2       -          WRKY                 PF03106.22   4.3e-28   92.9   0.2   4.3e-28   92.9   0.2   2.4   2   0   0   2   2   1   1 -
XP_024456279.2       -          WRKY                 PF03106.22   4.4e-28   92.9   0.2   4.4e-28   92.9   0.2   2.4   2   0   0   2   2   1   1 -
XP_006368768.2       -          WRKY                 PF03106.22   4.4e-28   92.9   2.2   1.7e-27   91.0   0.2   2.4   2   0   0   2   2   2   1 -
XP_002302620.1       -          WRKY                 PF03106.22   5.1e-28   92.7   3.7   1.3e-27   91.4   3.7   1.7   1   0   0   1   1   1   1 -
XP_024458563.1       -          WRKY                 PF03106.22   6.5e-28   92.4   0.5   1.3e-27   91.4   0.5   1.5   1   0   0   1   1   1   1 -
XP_002301166.2       -          WRKY                 PF03106.22   7.1e-28   92.2   3.9   8.5e-28   92.0   0.3   2.5   2   0   0   2   2   2   1 -
XP_006371762.1       -          WRKY                 PF03106.22   8.2e-28   92.0   3.2   3.8e-27   89.9   0.7   2.7   2   1   1   3   3   2   1 -
XP_002308538.1       -          WRKY                 PF03106.22   8.3e-28   92.0   4.1   1.3e-27   91.4   4.1   1.3   1   0   0   1   1   1   1 -
XP_024449814.1       -          WRKY                 PF03106.22   8.4e-28   92.0   0.3   8.4e-28   92.0   0.3   2.4   2   0   0   2   2   1   1 -
XP_024441318.1       -          WRKY                 PF03106.22   8.6e-28   92.0   0.3   8.6e-28   92.0   0.3   2.5   2   0   0   2   2   1   1 -
XP_024441317.1       -          WRKY                 PF03106.22   8.6e-28   92.0   0.3   8.6e-28   92.0   0.3   2.6   2   0   0   2   2   1   1 -
XP_002325248.3       -          WRKY                 PF03106.22   8.9e-28   91.9   0.2   8.9e-28   91.9   0.2   1.9   2   0   0   2   2   1   1 -
XP_002308998.1       -          WRKY                 PF03106.22   9.4e-28   91.9   0.6   9.4e-28   91.9   0.6   1.9   2   0   0   2   2   1   1 -
XP_002310044.1       -          WRKY                 PF03106.22   9.7e-28   91.8   5.1   1.7e-27   91.0   5.1   1.4   1   0   0   1   1   1   1 -
XP_024454633.1       -          WRKY                 PF03106.22   9.9e-28   91.8   0.8   1.8e-27   91.0   0.8   1.4   1   0   0   1   1   1   1 -
XP_052308647.1       -          WRKY                 PF03106.22     1e-27   91.7   5.1   1.7e-27   91.0   5.1   1.4   1   0   0   1   1   1   1 -
XP_052308648.1       -          WRKY                 PF03106.22     1e-27   91.7   5.1   1.7e-27   91.0   5.1   1.4   1   0   0   1   1   1   1 -
XP_024466667.1       -          WRKY                 PF03106.22   1.1e-27   91.6   1.1   2.8e-27   90.3   1.1   1.7   1   0   0   1   1   1   1 -
XP_002317397.1       -          WRKY                 PF03106.22   1.2e-27   91.5   1.1   2.5e-27   90.5   1.1   1.6   1   0   0   1   1   1   1 -
XP_002305730.1       -          WRKY                 PF03106.22   1.3e-27   91.4   0.8   2.4e-27   90.6   0.8   1.5   1   0   0   1   1   1   1 -
XP_002323509.1       -          WRKY                 PF03106.22   1.5e-27   91.2   1.7   2.8e-27   90.3   1.7   1.5   1   0   0   1   1   1   1 -
XP_002321134.3       -          WRKY                 PF03106.22   1.9e-27   90.9   1.8   3.5e-27   90.0   1.8   1.5   1   0   0   1   1   1   1 -
XP_002301237.2       -          WRKY                 PF03106.22     2e-27   90.8   7.3   3.7e-27   90.0   7.3   1.5   1   0   0   1   1   1   1 -
XP_052305286.1       -          WRKY                 PF03106.22   2.1e-27   90.7   2.2   4.5e-27   89.7   2.2   1.6   1   0   0   1   1   1   1 -
XP_006375168.1       -          WRKY                 PF03106.22   2.2e-27   90.6   7.3   4.6e-27   89.7   7.3   1.6   1   0   0   1   1   1   1 -
XP_024455846.2       -          WRKY                 PF03106.22   2.2e-27   90.6   2.8   5.6e-27   89.4   2.8   1.7   1   0   0   1   1   1   1 -
XP_006375351.1       -          WRKY                 PF03106.22   2.3e-27   90.6   0.4   5.1e-27   89.5   0.4   1.6   1   0   0   1   1   1   1 -
XP_006386616.2       -          WRKY                 PF03106.22   2.4e-27   90.5   0.4   5.3e-27   89.5   0.4   1.6   1   0   0   1   1   1   1 -
XP_024440069.1       -          WRKY                 PF03106.22   2.5e-27   90.5   2.8   4.4e-27   89.7   2.8   1.4   1   0   0   1   1   1   1 -
XP_052303325.1       -          WRKY                 PF03106.22   3.5e-27   90.0   2.1   7.1e-27   89.0   2.1   1.6   1   0   0   1   1   1   1 -
XP_024439297.1       -          WRKY                 PF03106.22   3.7e-27   90.0   2.8   7.5e-27   89.0   2.8   1.6   1   0   0   1   1   1   1 -
XP_024450700.1       -          WRKY                 PF03106.22   3.7e-27   89.9   4.0   8.5e-27   88.8   2.5   2.3   2   0   0   2   2   1   1 -
XP_052303238.1       -          WRKY                 PF03106.22   4.1e-27   89.8   2.5   6.6e-27   89.1   2.5   1.3   1   0   0   1   1   1   1 -
XP_002301514.2       -          WRKY                 PF03106.22   4.4e-27   89.7   2.2   8.1e-27   88.8   2.2   1.5   1   0   0   1   1   1   1 -
XP_024451788.1       -          WRKY                 PF03106.22   4.4e-27   89.7   2.2   8.1e-27   88.8   2.2   1.5   1   0   0   1   1   1   1 -
XP_052303237.1       -          WRKY                 PF03106.22   4.5e-27   89.7   2.5   7.9e-27   88.9   2.5   1.4   1   0   0   1   1   1   1 -
XP_052306840.1       -          WRKY                 PF03106.22   4.6e-27   89.6   2.2   8.1e-27   88.8   2.2   1.4   1   0   0   1   1   1   1 -
XP_052306841.1       -          WRKY                 PF03106.22   4.6e-27   89.6   2.2   8.1e-27   88.8   2.2   1.4   1   0   0   1   1   1   1 -
XP_002302808.1       -          WRKY                 PF03106.22     5e-27   89.5   3.0     1e-26   88.6   3.0   1.5   1   0   0   1   1   1   1 -
XP_024467301.1       -          WRKY                 PF03106.22   7.6e-27   88.9   2.5   7.6e-27   88.9   2.5   1.9   2   0   0   2   2   1   1 -
XP_006389578.1       -          WRKY                 PF03106.22   7.7e-27   88.9   2.5   7.7e-27   88.9   2.5   1.9   2   0   0   2   2   1   1 -
XP_024467300.2       -          WRKY                 PF03106.22   7.7e-27   88.9   2.5   7.7e-27   88.9   2.5   1.9   2   0   0   2   2   1   1 -
XP_024467299.2       -          WRKY                 PF03106.22   7.7e-27   88.9   2.5   7.7e-27   88.9   2.5   1.9   2   0   0   2   2   1   1 -
XP_002323839.4       -          WRKY                 PF03106.22     1e-26   88.5   1.4   2.2e-26   87.5   1.4   1.6   1   0   0   1   1   1   1 -
XP_052301776.1       -          WRKY                 PF03106.22   1.2e-26   88.3   5.5   2.3e-26   87.4   5.5   1.5   1   0   0   1   1   1   1 -
XP_002303852.3       -          WRKY                 PF03106.22   1.3e-26   88.2   0.6   2.7e-26   87.2   0.6   1.6   1   0   0   1   1   1   1 -
XP_006368511.1       -          WRKY                 PF03106.22   2.7e-26   87.2   0.6   2.7e-26   87.2   0.6   1.8   2   0   0   2   2   1   1 -
XP_002303610.1       -          WRKY                 PF03106.22   2.9e-26   87.1   0.3   2.9e-26   87.1   0.3   1.8   2   0   0   2   2   1   1 -
XP_002324328.1       -          WRKY                 PF03106.22   5.3e-26   86.2   1.8   1.2e-25   85.1   1.8   1.6   1   0   0   1   1   1   1 -
XP_002308704.1       -          WRKY                 PF03106.22   5.4e-26   86.2   0.4   5.4e-26   86.2   0.4   2.2   2   0   0   2   2   1   1 -
XP_024456867.1       -          WRKY                 PF03106.22   7.2e-26   85.8   4.0   1.2e-25   85.1   4.0   1.4   1   0   0   1   1   1   1 -
XP_002309186.4       -          WRKY                 PF03106.22   1.4e-25   84.9   7.2   2.9e-25   83.9   7.2   1.6   1   0   0   1   1   1   1 -
XP_024465049.1       -          WRKY                 PF03106.22   3.6e-25   83.6   0.8   3.6e-25   83.6   0.8   2.1   2   0   0   2   2   1   1 -
XP_024461002.1       -          WRKY                 PF03106.22   3.6e-25   83.6   4.2   3.6e-25   83.6   4.2   1.6   2   0   0   2   2   1   1 -
XP_002323675.2       -          WRKY                 PF03106.22   3.8e-25   83.5   7.8   8.7e-25   82.3   7.8   1.6   1   0   0   1   1   1   1 -
XP_002319879.4       -          WRKY                 PF03106.22     2e-24   81.2   5.1     2e-24   81.2   5.1   2.0   2   0   0   2   2   1   1 -
XP_052302236.1       -          WRKY                 PF03106.22     2e-24   81.2   5.1     2e-24   81.2   5.1   2.0   2   0   0   2   2   1   1 -
XP_006368530.1       -          WRKY                 PF03106.22   4.3e-21   70.5   1.5   6.9e-21   69.9   1.5   1.3   1   0   0   1   1   1   1 -
XP_024452204.2       -          WRKY                 PF03106.22   8.6e-21   69.6   6.7   1.2e-20   69.1   6.7   1.2   1   0   0   1   1   1   1 -
XP_024452203.2       -          WRKY                 PF03106.22     1e-20   69.3   6.7   1.5e-20   68.8   6.7   1.2   1   0   0   1   1   1   1 -
XP_024450032.1       -          WRKY                 PF03106.22   3.1e-15   51.8   5.0     7e-15   50.6   5.0   1.6   1   0   0   1   1   1   1 -
XP_052306843.1       -          WRKY                 PF03106.22   3.3e-14   48.5   2.4   5.6e-14   47.7   2.4   1.3   1   0   0   1   1   1   1 -
XP_024459343.1       -          WRKY                 PF03106.22   9.4e-09   31.0   0.6   1.6e-08   30.3   0.6   1.3   1   0   0   1   1   1   1 -
#
# Program:         hmmsearch
# Version:         3.2.1 (June 2018)
# Pipeline mode:   SEARCH
# Query file:      D:\Documents\Github\CladeCheck\task3\PF03106\PF03106.hmm
# Target file:     D:\Documents\Github\CladeCheck\task3\candidate_WRKY.fasta
# Option settings: /usr/bin/hmmsearch --tblout D:\Documents\Github\CladeCheck\task3\hmm_result.txt -E 1e-5 D:\Documents\Github\CladeCheck\task3\PF03106\PF03106.hmm D:\Documents\Github\CladeCheck\task3\candidate_WRKY.fasta 
# Current dir:     /cygdrive/d/Documents/Github/CladeCheck/task3
# Date:            Fri May  1 18:28:21 2026
# [ok]
