2510801101 蔡沁含 77 76 88
2510801102 查家豪 60 84 64
2510801103 杜钊强 96 71 76
2510801104 冯靖涵 85 92 74
2510801105 龚星铭 79 82 85
2510801106 桂素彤 84 100 88
2510801107 胡志鹏 68 71 74
2510801108 黄世璇 93 61 63
2510801109 柯天棋 62 69 92
2510801110 兰智博 63 78 85
2510801111 李彧樟 62 92 93
2510801112 李星燕 82 66 67
2510801113 李宇鑫 99 72 81
2510801114 李梓瀚 74 64 95
2510801115 刘旋 94 67 72
2510801116 马祥宇 71 85 79
2510801117 邱静 67 70 71
2510801118 苏许沦 68 60 91
2510801119 孙博雅 62 78 89
2510801120 唐陶哲 79 79 61
2510801121 巫恩蒂 82 65 87
2510801122 吴亚洲 94 73 70
2510801123 徐启睿 90 76 61
2510801124 薛希鸣 70 83 70
2510801125 杨润涵 91 92 92
2510801126 余朝颜 91 84 97
2510801127 余诗涵 65 78 75
2510801128 郁乾舟 85 62 92
2510801129 曾嘉豪 68 84 100
2510801130 朱洁华 71 72 62
2510801201 陈培瑀 94 85 60
2510801202 程子健 84 68 87
2510801203 此仁东哲 77 94 95
2510801205 葛珍妮 83 64 83
2510801206 胡宇翔 96 98 72
2510801207 蒋祖羽 89 98 74
2510801208 李嘉帅 63 75 89
2510801209 李金泽 90 92 82
2510801210 李兆炫 77 91 92
2510801211 刘任翔 82 71 98
2510801212 刘锡欢 84 83 100
2510801213 马思雯 84 69 64
2510801214 欧阳骏杰 72 99 94
2510801215 宋言诺 61 69 62
2510801216 汤若冰 93 80 94
2510801217 陶榛 62 81 74
2510801218 王金磊 87 70 68
2510801219 王威 68 75 88
2510801220 王绪栋 67 69 90
2510801221 王亚超 82 93 74
2510801222 夏启博 64 97 72
2510801223 徐子承 85 90 97
2510801224 杨博 77 77 78
2510801225 叶梓川 84 92 90
2510801226 尹悦 97 83 67
2510801227 尹子航 63 96 79
2510801228 张熙睿 98 85 61
2510801229 张月月 61 78 96
2510801230 赵嘉鸿 93 76 79
2511803201 蔡桢 100 69 90
2511803202 陈嘉琪 64 99 97
2511803203 陈毅达 95 100 86
2511803204 邓雅婷 60 94 66
2511803205 丁琳 90 63 79
2511803206 范佳欣 75 91 66
2511803207 黄诗远 93 62 72
2511803208 黄小龙 92 76 97
2511803209 黄薇宇 73 86 88
2511803210 黄筱淇 99 81 72
2511803211 贾贝宁 85 95 68
2511803212 李静瑶 72 95 65
2511803213 李正宇 63 86 78
2511803214 李芮 75 74 76
2511803215 罗伊凌 69 88 88
2511803216 马乐铃 96 68 74
2511803217 聂政领航 89 64 68
2511803218 彭心蕊 87 76 94
2511803219 万萍慧 72 95 76
2511803220 王逸辰 85 69 87
2511803221 韦玮 85 62 75
2511803223 熊浩 68 85 85
2511803224 徐祥云 74 85 97
2511803225 杨禹路 94 98 87
2511803226 杨梓弈 80 69 68
2511803227 叶子涵 74 89 90
2511803228 张帆远 85 96 96
2511803229 张瑞涵 68 61 92
2511803230 张婧怡 71 68 80
